timestamp: '20251207181028'
senario_name: previousresearch_2_1
current_number: 210
historical_1_number: 36
historical_2_number: 24
n_trial: 100
statistics:
  mean: 3.2618891860168997
  variance: 6.226718045962579
  std_dev: 2.4953392647018116
  mse: 11.280593555323142
notes: YOU CAN WRITE SOME NOTES HERE
