timestamp: '20260107134731'
senario_name: data_scenario_1
model_id: linear
model_scenario_id: model_scenario_1
n_features: 10
current_number: 210
historical_1_number: 36
historical_2_number: 24
n_trial: 100
statistics:
  mean: 1.3754566947659286
  variance: 8.356307850542512
  std_dev: 2.8907279101538617
  mse: 8.41371250168164
notes: YOU CAN WRITE SOME NOTES HERE
